6et1:       70.5882%:1.5333333333333334
tata:       77.7778%:1.7333333333333334
sinet:       100%:0.8
columbus:       73.6842%:1.3666666666666667
geant5:       47.0588%:2.6
bandcon:       100%:0.9
bics:       73.6842%:1.1
integra:       75%:1.35
rnp:       100%:0.75
sanet:       100%:1.0
dfn:       100%:0.7
surfnet:       75%:1.75
colt:       100%:0.7333333333333333
evolink:       93.75%:0.7666666666666667
