6et1:		94.44%:1.2
tata:       89.6%:1.9
sinet:       92.8571%:0.2
columbus:       76.4706%:1.4666666666666666
bandcon:       92.3077%:0.4
bics:       87.5%:0.7666666666666667
rnp:       90%:0.75
sanet:       80%:0.6
dfn:       75%:0.36666666666666664
surfnet:       84.6154%:1.35
colt:       87.5%:0.4
evolink:       80%:0.43333333333333335
