6et1:       77.7778%:1.5333333333333334
tata:       73.6842%:1.9
sinet:       100%:0.8
columbus:       68.4211%:1.4333333333333333
bandcon:       100%:0.9
bics:       75%:0.5666666666666667
rnp:       90.9091%:0.75
sanet:       100%:1.0
dfn:       93.75%:0.7
surfnet:       82.3529%:1.2
colt:       100%:0.7333333333333333
evolink:       100%:0.7666666666666667
