6et1:       33.3333%:3.8
tata:       26.6667%:3.8666666666666667
sinet:       28.5714%:2.8666666666666667
columbus:       29.4118%:2.8
geant5:       38.4615%:4.2
bandcon:       46.1538%:2.75
bics:       46.6667%:2.9
integra:       46.1538%:3.1
rnp:       60%:2.5
sanet:       55.5556%:3.5
dfn:       40%:2.8666666666666667
surfnet:       46.1538%:3.4
colt:       42.8571%:3.2
evolink:       46.6667%:3.033333333333333
