6et1:       82.3529%:1.1666666666666667
tata:       82.3529%:1.7333333333333334
sinet:       100%:0.8
columbus:       72.2222%:1.1
geant5:       64.7059%:2.6
bandcon:       100%:0.9
bics:       100%:0.5666666666666667
integra:       81.25%:1.35
rnp:       100%:0.75
sanet:       100%:1.0
dfn:       100%:0.7
surfnet:       100%:1.35
colt:       100%:0.7333333333333333
evolink:       100%:0.7666666666666667
