6et1:       92.8571%:1.3333333333333333
tata:       82.3529%:1.9
sinet:       100%:0.8666666666666667
columbus:       76.4706%:1.5
geant5:       66.6667%:1.8
bandcon:       100%:0.9
bics:       93.3333%:1.0333333333333334
integra:       93.3333%:1.5
rnp:       100%:0.5
sanet:       100%:1.0
dfn:       100%:0.6333333333333333
surfnet:       80%:1.6
colt:       100%:0.7333333333333333
evolink:       100%:0.8666666666666667
